_viz_0 = nengo_gui.components.Value(linear_velocity)
_viz_config[_viz_0].max_value = 1
_viz_config[_viz_0].min_value = -1
_viz_config[_viz_0].show_legend = False
_viz_config[_viz_0].legend_labels = ['label_0']
_viz_config[_viz_0].synapse = 0.01
_viz_config[_viz_0].x = 0.5939674695342607
_viz_config[_viz_0].y = -0.41188055204365337
_viz_config[_viz_0].width = 0.14543314426068327
_viz_config[_viz_0].height = 0.4077034601492002
_viz_config[_viz_0].label_visible = True
_viz_1 = nengo_gui.components.HTMLView(environment)
_viz_config[_viz_1].x = 1.0473023584783856
_viz_config[_viz_1].y = -0.2597005426549787
_viz_config[_viz_1].width = 0.23481598132375262
_viz_config[_viz_1].height = 0.48179448455468543
_viz_config[_viz_1].label_visible = True
_viz_2 = nengo_gui.components.Value(angular_velocity)
_viz_config[_viz_2].max_value = 1
_viz_config[_viz_2].min_value = -1
_viz_config[_viz_2].show_legend = False
_viz_config[_viz_2].legend_labels = ['label_0', 'label_1']
_viz_config[_viz_2].synapse = 0.01
_viz_config[_viz_2].x = 0.5875180567012173
_viz_config[_viz_2].y = 0.4776749862162211
_viz_config[_viz_2].width = 0.15396872383354504
_viz_config[_viz_2].height = 0.4484769107444763
_viz_config[_viz_2].label_visible = True
_viz_4 = nengo_gui.components.Raster(angular_velocity)
_viz_config[_viz_4].n_neurons = 50
_viz_config[_viz_4].x = 1.4129389537944999
_viz_config[_viz_4].y = -0.37942644681870424
_viz_config[_viz_4].width = 0.13131660881325805
_viz_config[_viz_4].height = 0.3743546977304461
_viz_config[_viz_4].label_visible = True
_viz_net_graph = nengo_gui.components.NetGraph()
_viz_progress = nengo_gui.components.Progress()
_viz_config[_viz_progress].x = 0
_viz_config[_viz_progress].y = 0
_viz_config[_viz_progress].width = 100
_viz_config[_viz_progress].height = 100
_viz_config[_viz_progress].label_visible = True
_viz_sim_control = nengo_gui.components.SimControl()
_viz_config[_viz_sim_control].shown_time = 0.5
_viz_config[_viz_sim_control].kept_time = 4.0
_viz_config[ang_exc].pos=(0.017921208487266103, 0.4851720210145782)
_viz_config[ang_exc].size=(0.035477960190259235, 0.202257160866415)
_viz_config[ang_exc_const].pos=(0.0783132530120482, 0.9424478682053241)
_viz_config[ang_exc_const].size=(0.048192771084337345, -3.0007900870698e-05)
_viz_config[angular_velocity].pos=(0.019834440716234584, -0.022355374394866304)
_viz_config[angular_velocity].size=(0.04609562515162719, 0.13139383185409823)
_viz_config[environment].pos=(0.36073920419779104, -0.04343024330352572)
_viz_config[environment].size=(0.048192771084337345, -0.12581683472710523)
_viz_config[linear_velocity].pos=(0.05959790533062395, -0.5305523071618192)
_viz_config[linear_velocity].size=(0.04040032650253268, 0.23031919796566902)
_viz_config[map_selector].pos=(0.3490123597192289, 0.34004382916180226)
_viz_config[map_selector].size=(0.048192771084337345, 0.07136831045416936)
_viz_config[model].pos=(0.20045054759700676, 1.0823596903086843)
_viz_config[model].size=(0.45888679166088325, 0.45888679166088325)
_viz_config[model].expanded=True
_viz_config[model].has_layout=True