_viz_0 = nengo_gui.components.HTMLView(environment)
_viz_config[_viz_0].x = -1.8169535485718507
_viz_config[_viz_0].y = 0.18653804624909223
_viz_config[_viz_0].width = 0.9285969237689948
_viz_config[_viz_0].height = 1.2199289871627923
_viz_config[_viz_0].label_visible = True
_viz_net_graph = nengo_gui.components.NetGraph()
_viz_progress = nengo_gui.components.Progress()
_viz_config[_viz_progress].x = 0
_viz_config[_viz_progress].y = 0
_viz_config[_viz_progress].width = 100
_viz_config[_viz_progress].height = 100
_viz_config[_viz_progress].label_visible = True
_viz_sim_control = nengo_gui.components.SimControl()
_viz_config[_viz_sim_control].shown_time = 0.5
_viz_config[_viz_sim_control].kept_time = 4.0
_viz_config[ang_exc].pos=(0.9141562197956858, 0.9920156518190886)
_viz_config[ang_exc].size=(0.1, 0.1)
_viz_config[ang_exc_const].pos=(0.2722074358984753, 0.7964636526193788)
_viz_config[ang_exc_const].size=(0.1, 0.1)
_viz_config[ang_sensors].pos=(0.5051648894342247, -0.46945377397609356)
_viz_config[ang_sensors].size=(0.1, 0.1)
_viz_config[angular_velocity].pos=(0.04058658391871206, 0.5192670098856831)
_viz_config[angular_velocity].size=(0.1, 0.1)
_viz_config[ens_pos_delta].pos=(0.5551132844977555, 0.9464408509475816)
_viz_config[ens_pos_delta].size=(0.1, 0.1)
_viz_config[ens_sensory_cur].pos=(0.41218147243146375, 0.9939853160161966)
_viz_config[ens_sensory_cur].size=(0.1, 0.1)
_viz_config[ens_sensory_del].pos=(0.7499444457348027, 0.6427517460195671)
_viz_config[ens_sensory_del].size=(0.1, 0.1)
_viz_config[environment].pos=(-0.6283196785377445, -0.21618642875356836)
_viz_config[environment].size=(0.1, 0.44889049183452134)
_viz_config[linear_velocity].pos=(0.7504762090442494, 0.7276460500694011)
_viz_config[linear_velocity].size=(0.1, 0.1)
_viz_config[map_selector].pos=(0.06673706898850573, 0.06956729090153757)
_viz_config[map_selector].size=(0.1, 0.1)
_viz_config[model].pos=(3.541152820030105, 1.1504142830525552)
_viz_config[model].size=(0.2962930736934336, 0.2962930736934336)
_viz_config[model].expanded=True
_viz_config[model].has_layout=True
_viz_config[node_sensory].pos=(0.9628238264137331, 0.09642601217614663)
_viz_config[node_sensory].size=(6.85931648581467e-08, 0.1680762277317292)
_viz_config[node_sensory_delay].pos=(0.5228116727100681, -0.25983095871780104)
_viz_config[node_sensory_delay].size=(0.1, 0.1)
_viz_config[place_error].pos=(1.1013183058938423, 1.6624794939521357)
_viz_config[place_error].size=(0.1, 0.1)
_viz_config[place_learning].pos=(1.622112753985699, 0.5135719174017529)
_viz_config[place_learning].size=(0.1, 0.1)
_viz_config[place_reader].pos=(0.0739494724382681, 0.3346937273841569)
_viz_config[place_reader].size=(0.1, 0.1)
_viz_config[rsvr_place].pos=(1.3065920760884522, -0.18751065508456327)
_viz_config[rsvr_place].size=(0.1, 0.1)
_viz_config[rsvr_place].expanded=False
_viz_config[rsvr_place].has_layout=False
_viz_config[vel_reader].pos=(0.6452832792578738, 0.26393114678210305)
_viz_config[vel_reader].size=(0.1, 0.1)
_viz_config[vel_target].pos=(1.1040669697231886, -0.6400019742985977)
_viz_config[vel_target].size=(0.1, 0.1)
_viz_config[xy_reader].pos=(0.9850894506310168, 0.459157128465852)
_viz_config[xy_reader].size=(0.1, 0.1)